{
 "cells": [
  {
   "cell_type": "code",
   "execution_count": 3,
   "metadata": {},
   "outputs": [
    {
     "name": "stderr",
     "output_type": "stream",
     "text": [
      "Warning message in Initialize.corPhyl(X[[i]], ...):\n",
      "\"Rownames in data frame do not match tree tip names; data taken to be in the same order as in tree\""
     ]
    },
    {
     "data": {
      "text/html": [
       "<table>\n",
       "<thead><tr><th></th><th scope=col>Homo</th><th scope=col>Pongo</th><th scope=col>Macaca</th><th scope=col>Ateles</th><th scope=col>Galago</th></tr></thead>\n",
       "<tbody>\n",
       "\t<tr><th scope=row>Homo</th><td>1.00</td><td>0.79</td><td>0.51</td><td>0.38</td><td>0   </td></tr>\n",
       "\t<tr><th scope=row>Pongo</th><td>0.79</td><td>1.00</td><td>0.51</td><td>0.38</td><td>0   </td></tr>\n",
       "\t<tr><th scope=row>Macaca</th><td>0.51</td><td>0.51</td><td>1.00</td><td>0.38</td><td>0   </td></tr>\n",
       "\t<tr><th scope=row>Ateles</th><td>0.38</td><td>0.38</td><td>0.38</td><td>1.00</td><td>0   </td></tr>\n",
       "\t<tr><th scope=row>Galago</th><td>0.00</td><td>0.00</td><td>0.00</td><td>0.00</td><td>1   </td></tr>\n",
       "</tbody>\n",
       "</table>\n"
      ],
      "text/latex": [
       "\\begin{tabular}{r|lllll}\n",
       "  & Homo & Pongo & Macaca & Ateles & Galago\\\\\n",
       "\\hline\n",
       "\tHomo & 1.00 & 0.79 & 0.51 & 0.38 & 0   \\\\\n",
       "\tPongo & 0.79 & 1.00 & 0.51 & 0.38 & 0   \\\\\n",
       "\tMacaca & 0.51 & 0.51 & 1.00 & 0.38 & 0   \\\\\n",
       "\tAteles & 0.38 & 0.38 & 0.38 & 1.00 & 0   \\\\\n",
       "\tGalago & 0.00 & 0.00 & 0.00 & 0.00 & 1   \\\\\n",
       "\\end{tabular}\n"
      ],
      "text/markdown": [
       "\n",
       "| <!--/--> | Homo | Pongo | Macaca | Ateles | Galago |\n",
       "|---|---|---|---|---|---|\n",
       "| Homo | 1.00 | 0.79 | 0.51 | 0.38 | 0    |\n",
       "| Pongo | 0.79 | 1.00 | 0.51 | 0.38 | 0    |\n",
       "| Macaca | 0.51 | 0.51 | 1.00 | 0.38 | 0    |\n",
       "| Ateles | 0.38 | 0.38 | 0.38 | 1.00 | 0    |\n",
       "| Galago | 0.00 | 0.00 | 0.00 | 0.00 | 1    |\n",
       "\n"
      ],
      "text/plain": [
       "       Homo Pongo Macaca Ateles Galago\n",
       "Homo   1.00 0.79  0.51   0.38   0     \n",
       "Pongo  0.79 1.00  0.51   0.38   0     \n",
       "Macaca 0.51 0.51  1.00   0.38   0     \n",
       "Ateles 0.38 0.38  0.38   1.00   0     \n",
       "Galago 0.00 0.00  0.00   0.00   1     "
      ]
     },
     "metadata": {},
     "output_type": "display_data"
    },
    {
     "data": {
      "text/plain": [
       "Generalized least squares fit by REML\n",
       "  Model: Y ~ X \n",
       "  Data: NULL \n",
       "       AIC      BIC   logLik\n",
       "  17.48072 14.77656 -5.74036\n",
       "\n",
       "Correlation Structure: corBrownian\n",
       " Formula: ~1 \n",
       " Parameter estimate(s):\n",
       "numeric(0)\n",
       "\n",
       "Coefficients:\n",
       "                Value Std.Error  t-value p-value\n",
       "(Intercept) 2.5000672 0.7754516 3.224014  0.0484\n",
       "X           0.4319328 0.2864904 1.507669  0.2288\n",
       "\n",
       " Correlation: \n",
       "  (Intr)\n",
       "X -0.437\n",
       "\n",
       "Standardized residuals:\n",
       "         1          2          3          4          5 \n",
       " 0.4187373 -0.6395037 -0.1376075 -0.4269456  0.3844060 \n",
       "attr(,\"std\")\n",
       "[1] 1.137666 1.137666 1.137666 1.137666 1.137666\n",
       "attr(,\"label\")\n",
       "[1] \"Standardized residuals\"\n",
       "\n",
       "Residual standard error: 1.137666 \n",
       "Degrees of freedom: 5 total; 3 residual"
      ]
     },
     "metadata": {},
     "output_type": "display_data"
    },
    {
     "name": "stderr",
     "output_type": "stream",
     "text": [
      "Warning message in Initialize.corPhyl(X[[i]], ...):\n",
      "\"Rownames in data frame do not match tree tip names; data taken to be in the same order as in tree\""
     ]
    },
    {
     "data": {
      "text/plain": [
       "Generalized least squares fit by REML\n",
       "  Model: Y ~ X \n",
       "  Data: NULL \n",
       "       AIC      BIC    logLik\n",
       "  17.81707 14.21152 -4.908536\n",
       "\n",
       "Correlation Structure: corMartins\n",
       " Formula: ~1 \n",
       " Parameter estimate(s):\n",
       "   alpha \n",
       "51.55332 \n",
       "\n",
       "Coefficients:\n",
       "                Value Std.Error  t-value p-value\n",
       "(Intercept) 2.5989768 0.3843447 6.762099  0.0066\n",
       "X           0.3425349 0.1330977 2.573561  0.0822\n",
       "\n",
       " Correlation: \n",
       "  (Intr)\n",
       "X -0.737\n",
       "\n",
       "Standardized residuals:\n",
       "         1          2          3          4          5 \n",
       " 1.2789374 -0.8663467 -0.0749418 -0.6937734  0.3561246 \n",
       "attr(,\"std\")\n",
       "[1] 0.5813411 0.5813411 0.5813411 0.5813411 0.5813411\n",
       "attr(,\"label\")\n",
       "[1] \"Standardized residuals\"\n",
       "\n",
       "Residual standard error: 0.5813411 \n",
       "Degrees of freedom: 5 total; 3 residual"
      ]
     },
     "metadata": {},
     "output_type": "display_data"
    },
    {
     "data": {
      "text/html": [
       "<table>\n",
       "<thead><tr><th></th><th scope=col>Homo</th><th scope=col>Pongo</th><th scope=col>Macaca</th><th scope=col>Ateles</th><th scope=col>Galago</th></tr></thead>\n",
       "<tbody>\n",
       "\t<tr><th scope=row>Homo</th><td>1.000000e+00</td><td>3.948974e-10</td><td>1.144098e-22</td><td>1.726789e-28</td><td>1.664768e-45</td></tr>\n",
       "\t<tr><th scope=row>Pongo</th><td>3.948974e-10</td><td>1.000000e+00</td><td>1.144098e-22</td><td>1.726789e-28</td><td>1.664768e-45</td></tr>\n",
       "\t<tr><th scope=row>Macaca</th><td>1.144098e-22</td><td>1.144098e-22</td><td>1.000000e+00</td><td>1.726789e-28</td><td>1.664768e-45</td></tr>\n",
       "\t<tr><th scope=row>Ateles</th><td>1.726789e-28</td><td>1.726789e-28</td><td>1.726789e-28</td><td>1.000000e+00</td><td>1.664768e-45</td></tr>\n",
       "\t<tr><th scope=row>Galago</th><td>1.664768e-45</td><td>1.664768e-45</td><td>1.664768e-45</td><td>1.664768e-45</td><td>1.000000e+00</td></tr>\n",
       "</tbody>\n",
       "</table>\n"
      ],
      "text/latex": [
       "\\begin{tabular}{r|lllll}\n",
       "  & Homo & Pongo & Macaca & Ateles & Galago\\\\\n",
       "\\hline\n",
       "\tHomo & 1.000000e+00 & 3.948974e-10 & 1.144098e-22 & 1.726789e-28 & 1.664768e-45\\\\\n",
       "\tPongo & 3.948974e-10 & 1.000000e+00 & 1.144098e-22 & 1.726789e-28 & 1.664768e-45\\\\\n",
       "\tMacaca & 1.144098e-22 & 1.144098e-22 & 1.000000e+00 & 1.726789e-28 & 1.664768e-45\\\\\n",
       "\tAteles & 1.726789e-28 & 1.726789e-28 & 1.726789e-28 & 1.000000e+00 & 1.664768e-45\\\\\n",
       "\tGalago & 1.664768e-45 & 1.664768e-45 & 1.664768e-45 & 1.664768e-45 & 1.000000e+00\\\\\n",
       "\\end{tabular}\n"
      ],
      "text/markdown": [
       "\n",
       "| <!--/--> | Homo | Pongo | Macaca | Ateles | Galago |\n",
       "|---|---|---|---|---|---|\n",
       "| Homo | 1.000000e+00 | 3.948974e-10 | 1.144098e-22 | 1.726789e-28 | 1.664768e-45 |\n",
       "| Pongo | 3.948974e-10 | 1.000000e+00 | 1.144098e-22 | 1.726789e-28 | 1.664768e-45 |\n",
       "| Macaca | 1.144098e-22 | 1.144098e-22 | 1.000000e+00 | 1.726789e-28 | 1.664768e-45 |\n",
       "| Ateles | 1.726789e-28 | 1.726789e-28 | 1.726789e-28 | 1.000000e+00 | 1.664768e-45 |\n",
       "| Galago | 1.664768e-45 | 1.664768e-45 | 1.664768e-45 | 1.664768e-45 | 1.000000e+00 |\n",
       "\n"
      ],
      "text/plain": [
       "       Homo         Pongo        Macaca       Ateles       Galago      \n",
       "Homo   1.000000e+00 3.948974e-10 1.144098e-22 1.726789e-28 1.664768e-45\n",
       "Pongo  3.948974e-10 1.000000e+00 1.144098e-22 1.726789e-28 1.664768e-45\n",
       "Macaca 1.144098e-22 1.144098e-22 1.000000e+00 1.726789e-28 1.664768e-45\n",
       "Ateles 1.726789e-28 1.726789e-28 1.726789e-28 1.000000e+00 1.664768e-45\n",
       "Galago 1.664768e-45 1.664768e-45 1.664768e-45 1.664768e-45 1.000000e+00"
      ]
     },
     "metadata": {},
     "output_type": "display_data"
    },
    {
     "name": "stderr",
     "output_type": "stream",
     "text": [
      "Warning message in Initialize.corPhyl(X[[i]], ...):\n",
      "\"Rownames in data frame do not match tree tip names; data taken to be in the same order as in tree\""
     ]
    },
    {
     "data": {
      "text/plain": [
       "Generalized least squares fit by REML\n",
       "  Model: Y ~ X \n",
       "  Data: NULL \n",
       "       AIC      BIC    logLik\n",
       "  17.81707 14.21152 -4.908536\n",
       "\n",
       "Correlation Structure: corGrafen\n",
       " Formula: ~1 \n",
       " Parameter estimate(s):\n",
       "         rho \n",
       "2.951777e-10 \n",
       "\n",
       "Coefficients:\n",
       "                Value Std.Error  t-value p-value\n",
       "(Intercept) 2.5989768 0.3843447 6.762099  0.0066\n",
       "X           0.3425349 0.1330977 2.573561  0.0822\n",
       "\n",
       " Correlation: \n",
       "  (Intr)\n",
       "X -0.737\n",
       "\n",
       "Standardized residuals:\n",
       "         1          2          3          4          5 \n",
       " 1.2789374 -0.8663467 -0.0749418 -0.6937734  0.3561246 \n",
       "attr(,\"std\")\n",
       "[1] 0.5813411 0.5813411 0.5813411 0.5813411 0.5813411\n",
       "attr(,\"label\")\n",
       "[1] \"Standardized residuals\"\n",
       "\n",
       "Residual standard error: 0.5813411 \n",
       "Degrees of freedom: 5 total; 3 residual"
      ]
     },
     "metadata": {},
     "output_type": "display_data"
    },
    {
     "data": {
      "text/html": [
       "<table>\n",
       "<thead><tr><th></th><th scope=col>Homo</th><th scope=col>Pongo</th><th scope=col>Macaca</th><th scope=col>Ateles</th><th scope=col>Galago</th></tr></thead>\n",
       "<tbody>\n",
       "\t<tr><th scope=row>Homo</th><td>1.000000e+00</td><td>4.092032e-10</td><td>2.046016e-10</td><td>8.49173e-11 </td><td>0           </td></tr>\n",
       "\t<tr><th scope=row>Pongo</th><td>4.092032e-10</td><td>1.000000e+00</td><td>2.046016e-10</td><td>8.49173e-11 </td><td>0           </td></tr>\n",
       "\t<tr><th scope=row>Macaca</th><td>2.046016e-10</td><td>2.046016e-10</td><td>1.000000e+00</td><td>8.49173e-11 </td><td>0           </td></tr>\n",
       "\t<tr><th scope=row>Ateles</th><td>8.491730e-11</td><td>8.491730e-11</td><td>8.491730e-11</td><td>1.00000e+00 </td><td>0           </td></tr>\n",
       "\t<tr><th scope=row>Galago</th><td>0.000000e+00</td><td>0.000000e+00</td><td>0.000000e+00</td><td>0.00000e+00 </td><td>1           </td></tr>\n",
       "</tbody>\n",
       "</table>\n"
      ],
      "text/latex": [
       "\\begin{tabular}{r|lllll}\n",
       "  & Homo & Pongo & Macaca & Ateles & Galago\\\\\n",
       "\\hline\n",
       "\tHomo & 1.000000e+00 & 4.092032e-10 & 2.046016e-10 & 8.49173e-11  & 0           \\\\\n",
       "\tPongo & 4.092032e-10 & 1.000000e+00 & 2.046016e-10 & 8.49173e-11  & 0           \\\\\n",
       "\tMacaca & 2.046016e-10 & 2.046016e-10 & 1.000000e+00 & 8.49173e-11  & 0           \\\\\n",
       "\tAteles & 8.491730e-11 & 8.491730e-11 & 8.491730e-11 & 1.00000e+00  & 0           \\\\\n",
       "\tGalago & 0.000000e+00 & 0.000000e+00 & 0.000000e+00 & 0.00000e+00  & 1           \\\\\n",
       "\\end{tabular}\n"
      ],
      "text/markdown": [
       "\n",
       "| <!--/--> | Homo | Pongo | Macaca | Ateles | Galago |\n",
       "|---|---|---|---|---|---|\n",
       "| Homo | 1.000000e+00 | 4.092032e-10 | 2.046016e-10 | 8.49173e-11  | 0            |\n",
       "| Pongo | 4.092032e-10 | 1.000000e+00 | 2.046016e-10 | 8.49173e-11  | 0            |\n",
       "| Macaca | 2.046016e-10 | 2.046016e-10 | 1.000000e+00 | 8.49173e-11  | 0            |\n",
       "| Ateles | 8.491730e-11 | 8.491730e-11 | 8.491730e-11 | 1.00000e+00  | 0            |\n",
       "| Galago | 0.000000e+00 | 0.000000e+00 | 0.000000e+00 | 0.00000e+00  | 1            |\n",
       "\n"
      ],
      "text/plain": [
       "       Homo         Pongo        Macaca       Ateles      Galago\n",
       "Homo   1.000000e+00 4.092032e-10 2.046016e-10 8.49173e-11 0     \n",
       "Pongo  4.092032e-10 1.000000e+00 2.046016e-10 8.49173e-11 0     \n",
       "Macaca 2.046016e-10 2.046016e-10 1.000000e+00 8.49173e-11 0     \n",
       "Ateles 8.491730e-11 8.491730e-11 8.491730e-11 1.00000e+00 0     \n",
       "Galago 0.000000e+00 0.000000e+00 0.000000e+00 0.00000e+00 1     "
      ]
     },
     "metadata": {},
     "output_type": "display_data"
    }
   ],
   "source": [
    "library(nlme)\n",
    "cat(\"((((Homo:0.21,Pongo:0.21):0.28,\",\n",
    "\"Macaca:0.49):0.13,Ateles:0.62):0.38,Galago:1.00);\",\n",
    "file = \"ex.tre\", sep = \"\\n\")\n",
    "tree.primates <- read.tree(\"ex.tre\")\n",
    "X <- c(4.09434, 3.61092, 2.37024, 2.02815, -1.46968)\n",
    "Y <- c(4.74493, 3.33220, 3.36730, 2.89037, 2.30259)\n",
    "unlink(\"ex.tre\") # delete the file \"ex.tre\"\n",
    "m1 <- gls(Y ~ X, correlation=corBrownian(1, tree.primates))\n",
    "corMatrix(m1$modelStruct$corStruct)\n",
    "summary(m1)\n",
    "m2 <- gls(Y ~ X, correlation=corMartins(1, tree.primates))\n",
    "summary(m2)\n",
    "corMatrix(m2$modelStruct$corStruct)\n",
    "m3 <- gls(Y ~ X, correlation=corGrafen(1, tree.primates))\n",
    "summary(m3)\n",
    "corMatrix(m3$modelStruct$corStruct)"
   ]
  },
  {
   "cell_type": "code",
   "execution_count": 5,
   "metadata": {},
   "outputs": [
    {
     "data": {
      "text/html": [
       "<table>\n",
       "<thead><tr><th scope=col>obs</th><th scope=col>p.values</th><th scope=col>labels</th></tr></thead>\n",
       "<tbody>\n",
       "\t<tr><td> 0.432479537</td><td>8.806040e-05</td><td>Genus       </td></tr>\n",
       "\t<tr><td> 0.572366226</td><td>0.000000e+00</td><td>Family      </td></tr>\n",
       "\t<tr><td>-0.119934300</td><td>2.135604e-10</td><td>SuperFamily </td></tr>\n",
       "\t<tr><td>-0.004402383</td><td>6.776239e-01</td><td>Order       </td></tr>\n",
       "</tbody>\n",
       "</table>\n"
      ],
      "text/latex": [
       "\\begin{tabular}{r|lll}\n",
       " obs & p.values & labels\\\\\n",
       "\\hline\n",
       "\t  0.432479537 & 8.806040e-05 & Genus       \\\\\n",
       "\t  0.572366226 & 0.000000e+00 & Family      \\\\\n",
       "\t -0.119934300 & 2.135604e-10 & SuperFamily \\\\\n",
       "\t -0.004402383 & 6.776239e-01 & Order       \\\\\n",
       "\\end{tabular}\n"
      ],
      "text/markdown": [
       "\n",
       "| obs | p.values | labels |\n",
       "|---|---|---|\n",
       "|  0.432479537 | 8.806040e-05 | Genus        |\n",
       "|  0.572366226 | 0.000000e+00 | Family       |\n",
       "| -0.119934300 | 2.135604e-10 | SuperFamily  |\n",
       "| -0.004402383 | 6.776239e-01 | Order        |\n",
       "\n"
      ],
      "text/plain": [
       "  obs          p.values     labels     \n",
       "1  0.432479537 8.806040e-05 Genus      \n",
       "2  0.572366226 0.000000e+00 Family     \n",
       "3 -0.119934300 2.135604e-10 SuperFamily\n",
       "4 -0.004402383 6.776239e-01 Order      "
      ]
     },
     "metadata": {},
     "output_type": "display_data"
    },
    {
     "data": {
      "text/plain": [
       "$SW\n",
       "           obs     p.values      labels\n",
       "1  0.432479537 8.806040e-05       Genus\n",
       "2  0.572366226 0.000000e+00      Family\n",
       "3 -0.119934300 2.135604e-10 SuperFamily\n",
       "4 -0.004402383 6.776239e-01       Order\n",
       "\n",
       "$FW\n",
       "           obs     p.values      labels\n",
       "1  0.416061385 1.438192e-04       Genus\n",
       "2  0.553969731 0.000000e+00      Family\n",
       "3 -0.115995018 6.972364e-10 SuperFamily\n",
       "4 -0.004643436 6.915611e-01       Order\n",
       "\n",
       "attr(,\"class\")\n",
       "[1] \"correlogramList\""
      ]
     },
     "metadata": {},
     "output_type": "display_data"
    },
    {
     "data": {
      "image/png": "iVBORw0KGgoAAAANSUhEUgAAA0gAAANICAMAAADKOT/pAAAANlBMVEUAAABNTU1oaGh8fHyM\njIyampqnp6eysrK9vb2+vr7Hx8fQ0NDZ2dnh4eHp6enw8PD/AAD///9qpps6AAAACXBIWXMA\nABJ0AAASdAHeZh94AAAgAElEQVR4nO3di5qiOBCG4aCIrieG+7/ZFbQVFZBDpUgq3/s8O+v0\ntB1Sxd8cVVcBWMytvQCABQQJEECQAAEECRBAkAABBAkQQJAAAQQJEECQAAEECRBAkAABBAkQ\nQJAAAQQJEECQAAEECRBAkAABBAkQQJAAAQQJEECQAAEECRBAkAABBAkQQJAAAQQJEECQAAEE\nCRBAkAABBAkQQJAAAQQJEECQAAEECRBAkAABBAkQQJAAAQQJEECQAAEECRBAkAABBAkQQJAA\nAQQJEECQAAEECRBAkAABBAkQQJAAAQQJEECQAAEECRBAkAABBAkQQJAAAQQJEECQAAEECRBA\nkAABBAkQQJAAAQQJEECQAAEECRBAkAABBAkQQJAAAQQJEECQAAEECRBAkAABBAkQQJAAAQQJ\nEECQAAEECRBAkAABBAkQQJAAAQQJEECQAAEECRBAkAABBAkQMDtIZZHd/txvnNseBZcHiNLc\nIF0z56ry9kdtK7pIQHzmBmnn8vL2x+56y9TOFaLLBERnbpCcKx9/3PbyXCa4RECE5gfp9kfm\nWn8BEjZ/1+5SVfv6j3qLxEESEjc3SBeXFZcqz25JOm3cSXSZgOjM3ik7Pc7Y1faSSwREaMHR\nzXG3qVOU769yiwPEidMEgACCBAggSIAAkSBxHQmp8xQkB0RspSCtPoQ2g1Oaz2AxCJISg1Oa\nz2AxCJISg1Oaz2AxVIN03ufN7mRenH0NESyDU5rPYDEUg1RuWodmw/esUmjbDBZDMUiFy47N\nrd/V9ZQNv7CPQttmsBiKQcrur6BoXIZf2EehbTNYDMUgvZ1qHz7vTqFtM1gMtkhKDE5pPoPF\n0D1GOt1fPsExUuIMFkPz9Pe2ddZuU3oZIlwGpzSfwWLoXkcqmutIWb7nOlLSDBaDOxuUGJzS\nfAaLQZCUGJzSfAaLQZCUGJzSfAaLQZCUGJzSfAaLQZCUdL6QcY0FCWEJUuivl6cEOIS29ynd\nVuH/blbM0m3ofzfrLIH5/vp6SoBDaHubUpOiu7W2Cf+eVlgC6/319pQAh9D2dqPhf//1Jul+\nvTrbjX8LzSJzWVF2fqH37QRaOfpK0rglmDPqa4jBHx0lgqSkNaW3HH0m6e/Wj2xsku73i2y6\nvnDpW6XfcvSZpFFLMGfU1hBjJhYXgqRkfJDqP8vt2E9iO7vsUl0yd+74wsXlPQszHKTfSzBr\n1NYQv74hPgRJybQgtT+JbTv4wR1F87kex9enErS+cOj7rIIRQer6LLjT83XNs0ZtDfHrG+JD\nkJS8pvSRo48k/e0SvXaNbjtZRf9eVu7qf2ttBVpfOLhD97L8+zeQpO8laFyL7PWVOaO2h/j1\nDfEhSEomBqm1PSiPt+OPx2bp+/0IH486v5C70+6Wwu9lGROk9y3SqV6GY/nxPZNG7SyGGQRJ\nybQgXd+PUMpm1bxOD1L3G82MCVJ7CeqN0e5Ufn3PtFE7i2EGQVIyPkiPc2YfL9gq8+7zYEOr\ntHPH2xOLr12tX0H6XAJXfx794lHbT+//p1gRJCXTTn9/XMV5bpE6fu7AKv14cvss9eN7fp/+\nbi/BtC1S76itp/f/U6wIkpKJZ+1aho+Rss81+OsLXR9YMOKs3buPY6RZo7aG6P+nWBEkJfOD\n1D5r9x2k++my6+f5s9YXRILUedZu4qitIfr/KVYESUl7SsO3CH0+c/g60r65gHN6nRlofSFz\n9Sbk2nGBdPgWob6xXteR5o36GmJoRnEiSErej+d7czT5E9iG7jEo6vW6vF8r/RymN0ejlmDm\nqM8hfo8QG4Kk5OuAvklR147cxB+8eZ1svj/39YUyax52XtLpfxnFqCWYOerfECNGiAxBUtKx\nvnausZODVDa3Xbee2/pC/XDTexp6yRLMH7V5yogRIkOQlBic0nwGi0GQlBic0nwGi0GQlBic\n0nwGi0GQlBic0nwGi0GQVAy/YDQ5BotBkBQ0t3KuvRAhMVgMguTdfWNkakpLGSwGQfLNvf0P\nNYPFIEh+PY+N7ExJgMFiECSf2q8qWHExgmOwGATJn/dPn15tMQJksBgEyZePE94WpiTGYDEI\nkh9f143in5Igg8UgSD50vUvwCosRLIPFIEgedL44QX0pAmawGARJXM/bZmkvRsgMFoMgCeu7\nqc6hRbcnGgiSqMWrSLQzTx1BEiTwmzbSmYMgiRHZYYly5iBIcoSWOcapgyBJETt+jm/qqBEk\nCZKnoWKbOxoEaTnZs7lxzR0PBGkp6YsiMc0dTwRpGQ/XFuOZPF4I0hJeLtHHMnm0EaQF/Cxm\nJJPHG4I0m7c7xqKYPd4RpJk83ngZwezxiSDN4vf+5eCnjy8EaQbfLwMIfProQJAm8/9qmqCn\nj04EaSqNZQt5/uhEkKbReXFnuPNHD/0gHTbO5YOfeB/uiqT1GulQ549eikG6r4Xb+4v2hz7z\nOtQVSfGtBsIsAPppB6lwRVlV18JF96nXqu/YEWIBMEQ7SJkr68el2/gYwh/tN74JrwIYpB2k\nvxVyeMUMbTXSf/+o0CqAH7SDtPsLUuZjCE9WWJzAKoBfVIOU7w8nd7w9LIvhsw1BrUbrvJ1h\nUCXAT6pBer7LpnNZ6WMID9Z6V9CASoARNK8jXS6HQ543pxyKwRyFsxat9+a6wZQAo3Bnw4BV\n36M6kBpgHILUa+W3eg+iBhiLIPVZexnWHh+TrBWk0K8jBfDJI+svAcYLJ0ghfX7O6gtQC2EZ\nMBa7dh2jB7IKB7IYGIMgfY0dzPobzILgN4L0MXJAa29Ai4JfVIN03ufNEVBenH0NsUxIMapI\nUkwUg1RuWmcTtl6GWCi0FTe05UE/xSAVLjtemkfXUxbgTauBbY4qghQTxSBl7vJ8fAnuZRTh\nxagiSRFRf8+Grr+IDTFbkDEiSBFhi1QFG6OKJMVD9xjpdG0ehXWMFG6MCFI8NE9/b1tn7TbB\nvLAv6HU16IVDi+51pKK5jpTl+2CuI4W8OaoFvnj4k/adDaHHiCBFI+UghR8jghSNdIMUQ4wq\nkhSLVIMUSYwIUizSDFI0MapIUiSSDFJU62ZUC5uuBIMU0+aoIkiRSC5IkcWoIklxSCxI8cWI\nIMUhqSDFGCOCFIeEghRnjCqSFIV0ghTv6hjvkicklSBFuzmqxbzsqUgjSFHHiCDFIIUgRR4j\nghQD+0GKPkYVSYqA9SBZiBFBioDtINmIEUGKgOkg2Vn/7MzEKsNBsrI5qhmailFmg2QpRhVJ\nCp7RIBmLEUEKnskgmYsRQQqewSAZjFFFkkJnL0hG1zij0zLDWpBsbo4qghQ6W0EyG6OKJAXO\nUpAsx4ggBc5OkGzHiCAFzkqQrMeoIklhsxGkBGJEkMJmIkiJrGKJTDNOBoKUxOaolso8oxR9\nkJKJEUEKWlRBqj838/Mr/hcmHElNNjLxBOkWon837SylFSOCFLJogtSk6O7xr6nFiCCFLJYg\ntXL0SFKKa1WKc45EJEF6y9Fzm5ScVOcdAYIUlWQnHjyCFJVkJx68OIL0kaN0k5TqvMNHkOKS\n7MRDR5DikuzEQ0eQ4pLsxEMXR5A42fCU8NSDRpAik/DUg0aQYpPy3AMWSZA6bhFKVdKTD1cs\nQeq4aTVRac8+WNEEqetlFGlKff5hiidIVdcL+1JECUIUVZBQozghIkjxoToBIkjxoToBIkgR\nojzhIUgRojzhWSVIP8+9saYMojzhIUgxoj7BUQySe+djiFRQn+AoBumcESQh1Cc4mrt2Ze62\n1+YnsGu3EAUKje4x0tG5Y0WQlqNAoVE+2XDdurwkSMtRocCon7Xbu+xEkBajQoHRP/192fy+\nh5vV5BcqFJg1riPtCNJylCgs3CIUKUoUFoIUKUoUlrWCxAXZpahRUMIJ0ujbHtCgRkFh1y5W\n1CgoBClaFCkkBClaFCkkqkE67/PmCCgvzr6GSAlVCohikMpN62zC1ssQaaFKAVEMUuGy46V5\ndD1lrvAxRFqoUkAUg5S5y/PxxWU+hkgMZQqH6kvN+/4iNkRiKFM42CJFjDKFQ/cY6dS80pxj\nJCnUKRiap7+3rbN2m9LLEImhTsHQvY5UNNeRsnzPdSQZFCoU3NkQNQoVCoIUNQoVCoIUNyoV\nCIIUNyoVCIIUNyoVCIIUOUoVBoIUOUoVBoIUO2oVBIIUO2oVBIIUO2oVBIIUPYoVAoIUPYoV\nAoIUPYoVAoIUP6oVAIIUP6oVAIJkAOVaH0EygHKtjyAZQLnWR5AsoF6rI0gWUK/VESQLqNfq\nCJIJFGxtBMkECrY2gmQDFVsZQbKBiq2MINlAxVZGkIygZOsiSEZQsnURJCMo2boIkhXUbFUE\nyQpqtiqCZAU1WxVBMoOirYkgmUHR1kSQ7KBqKyJIdlC1FREkO6jaigiSIZRtPQTJEMq2HoJk\nCGVbD0GyhLqthiBZQt1WQ5BMoXBrIUimULi1ECRTKNxaCJItVG4lBMkWKrcSgmQLlVsJQTKG\n0q2DIBlD6dZBkKyhdqsgSNZQu1UQJGuo3SoIkjkUbw0EyRyKtwaCZA7FW8MKQTpkbnPwO0Ta\nqN4KNIN0yV12qPautvUzBCqqtwrFIF2aBBVuV1bX3A1uk1gVFqF8+hSDtHNFVRUuqx+XbuNj\nCDQonz7FILnmiS5v/UV6CDQonz71IB3v+3T3DZP0ELijfupUd+1uR0d3ZbObJz8E7qifOsUg\nldlzf84Nb5BYERaifupUryMVf/HJBrdHrAiLUUBt3NlgEgXURpBsooLKCJJNVFDZWkHiOpJf\nVFBZOEFybRJDpI0S6mLXzihKqIsgGUUJdREkq6ihKtUgnfd5cwSUF2dfQ+APNVSleYvQpnU2\ngRf2+UYNVSkGqXDZ8dI8up4yblr1jiJqUgxS5i7PxxdeRuEdRdSk/nqkrr+IDYE2qqiILZJd\nVFGR7jHS6do84hhJBVVUpHn6e9s6a7cph76TVUAEZdSjex2paK4jZfme60gaKKMe7mwwjDLq\nIUiWUUc1BMky6qiGIJlGIbUQJNMopBaCZBqF1EKQbKOSSgiSbVRSCUGyjUoqWRAk927lpUI3\nSqmDIBlHKXWwa2cdtVRBkKyjlioIknXUUgVBMo9iaiBI5lFMDQTJPIqpgSDZRzUVECT7qKYC\ngpQAyunf0iAdNlV13bjNj3czWTIElqKc/i0M0qm+NSir7xASTRKdF0U5/VsYpK07Vhe3qY4/\nPl5iwRBYjnp6tzBI9QbpUr9rKjethox6eicQpNydCFLYqKd3i3ftLqf6/fDZtQsbBfVt+ckG\n5/b1BukktkgVfRdHQX1bfPr7/rkSm6PQ8nQMAQFU1DMuyKaBinpGkNJART1b9p4N+eDHhc1H\n28VRUr8IUiIoqV/s2iWCkvpFkFJBTb0iSKmgpl4tDdJ+wxtExoGaerUwSHveaTUaFNWnhUHK\n3EFsUXqGgBCK6pPA3d8e0HMfqKpHC4OUu1JsUXqGgBSq6tHCIF2zrey7NXwPASlU1aPFu3ac\nbIgHZfWHICWEsvrDBdmEUFZ/CFJKqKs3UkE650uX5OcQWIy6erM0SAXHSDGhsL4sDNIrR7z5\nSQworC+LbxE6Vlt3vW55y+IoUFhfBG4R2t+2Rhfe1y4OVNYTgSCd6htXOUaKA5X1ZPG9dsfq\n6jbVmSDFgcp6svydVuv3Lb7ZiS1SRbs9orR+LH6FbP23nXOybydEt72htH5wZ0NqqK0XS4+R\n/LyxHc32h9p6wStkU0NtvVgYpM2UV8iWt2Op7eMOiOEE0myPKK4PC4NU5uNfIVs2H9rs7ne3\nEqTVUFwfFF/YV9QXbstDtr0/UXipMBbF9UExSNn9W67Z5kqQ1kR1PVA8/f2XnXK7JUhroroe\nKAbpdWJisyVIa6K88hYH6VjfIJSP+QjZw/M2oqvbEqQVUV55S4O0fRwhjXkVRfFMz+nHMRWd\n9oryylsYpIPL6gtDp3HvAX55vrHDdUeQVkR9xS2+IHtp/n9xG5nl+R4C8qivOKlbhHg9Ukyo\nrzixLVImszzfQ8ADCixN9Rip/UM4RloTBZamedbu7Yd8DezclNsksAgFlrb8OlI+9jrS7CEg\njwoL4xWyaaLCwghSoiixLNUgnff5/SVJxY8XMdFl7yixrAVByty08wPlpvXdwycn6LJ3lFjW\ngiDlE4NUuOx4v+p0PWXD799Fl/2jxqIWBOngNsXxOv552ePibe3HBVya7B81FrUgSNddvXOX\n7caG6W2jxQXZtVFjUctONlwOzf7duDCxRQoLRZa0/Kzded/c3fD7XrvbMdLpnjeOkUJAkSWJ\nnP4ui1F39WxbpyY2g++HR481UGVBiluk27cW9z3BfM91pABQZUGKx0jzhoA3VFnQ4rN2006B\nTxwCXlFmOQuvI50mvPX3jCHgFWWWo3hng9+lwnSUWY7ivXZ+lwozUGcxvIwiZdRZDEFKGoWW\nQpCSRqGlEKSkUWgpBCltVFoIQUoblRZCkNJGpYUQpMRRahkEKXGUWgZBSh21FkGQUketRRCk\n1FFrEQQpeRRbAkFKHsWWQJCSR7ElECRQbQEECVRbAEEC5RZAkEC5BRAkUG4BBAnUWwBBAvUW\nQJBAvQUQJFQUfDmChIqCL0eQUFHw5QgSalR8IYKEGhVfiCChQcmXIUhoUPJlCBIalHwZgoQ7\nar4IQcIdNV+EIOGOmi9CkPBA0ZcgSHig6EsQJPyh6gsQJPyh6gsQJPyh6gsQJDxR9vkIEp4o\n+3wECU+UfT6ChBfqPhtBwgt1n40goYXCz0WQ0ELh5yJIaKHwcxEktFH5mQgS2qj8TAQJbVR+\nJoKEN5R+HoKEN5R+HoKEd9R+FoKEd9R+FoKEd9R+FsUguXc+hoAAij+HYpAOBCkKFH8OzV27\nS7b1PQSWo/hzqB4jXVzhewgsR/Vn0D3ZcHAX30NgMao/A2ft8IXyT0eQ8IXyT0eQ8IXyT0eQ\n8I36T7ZWkLiOFDLqP1k4QRp9tRbeUf/J2LVDBxowFUFCBxowFUFCBxowlWqQzvu8OQLKi7Ov\nISCDDkykGKRy0zqbMHz7Km1cGx2YSDFIhcuO91vtrqds+PZV2rg6WjCNYpCy1h2rF5f5GAJi\naME0qq+Q7fuL2BAQQwumYYuEbvRgEt1jpNO1ecQxUgTowSSap7+3rbN2m9LLEBBDDybRvY5U\nNNeRsnzPdaTw0YQpuLMBPWjCFAQJfejCBAQJfejCBAQJfejCBAQJvWjDeAQJvWjDeAQJvWjD\neAQJ/ejDaAQJ/ejDaAQJA2jEWAQJA2jEWAQJA2jEWAQJQ+jESAQJQ+jESAQJQ+jESAQJg2jF\nOAQJg2jFOAQJw+jFKAQJw+jFKAQJw+jFKAQJP9CMMQgSfqAZYxAk/EAzxiBI+IVujECQ8Avd\nGIEg4Sfa8RtBwk+04zeChJ9ox28ECb/Rj58IEn6jHz8RJPxGP34iSBiBhvxCkDACDfmFIGEE\nGvILQcIYdOQHgoQx6MgPBAmj0JJhBAmj0JJhBAmj0JJhBAnj0JNBBAnj0JNBBAnj0JNBBAkj\n0ZQhBAkj0ZQhBAlj0ZUBBAlj0ZUBBAlj0ZUBBAmj0ZZ+BAmj0ZZ+BAmj0ZZ+BAnj0ZdeBAnj\n0ZdeBAkT0Jg+BAkT0Jg+BAkT0Jg+BAlT0JkeBAlT0JkeqkE673NXy4uzryHgF53poRikcuNe\ntl6GgHe0pptikAqXHS/No+spc4WPIeAdremmGKTMXZ6PLy7zMQT8ozedFIPkXN9fxIaAf/Sm\nE1skTENvOukeI52uzSOOkWJGc7ponv7ets7abUovQ8C/dJtTr7i9/zbjx81ekHPRXEfK8j3X\nkeKVaHNuK+5/N31Z4s4GTJVkd5oU3XXOnyBhqhS708pRd5IIEiZLrz1vOepM0lpB4jpSxNJr\nT0xBcm0SQ8CX9NoTbpBWHwILpNafjxx1JYkgYbrU+kOQ4EVq/QktSLywz4rEGhRWkHhhnx2p\nNSiokw28sM+O1BoUVJB4GYUhiXUoqCDxwj5DUupQva6GdIsQWyRLkmnR41d+QDet8sI+SxJp\n0WvPKaCXUfDCPkOSaNFHaHhhH+SZ79G0Wz65swHzGO/R1BunCRLmMd2j6a8/IEiYyW6T5ryM\nhyBhJqtNmvdqOIKEuSx2afaLSgkS5rLXpQUvzSZImMtalxa9wwFBwmym2rTwjUIIEmaz06bl\n77dDkDCblTZJvGsVQcJ8Jvok8+ZvBAnzGeiT1HsoEiQsEHmjBN+KlCBhgagbJfqGvgQJC0Tc\nKOH3xSZIWCLWTom/vTxBwhJRdsrHpzQQJCwRYaf8fNYJQcIisbXK10cGESQsEler/H3yFkHC\nMhH1yucH2BEkLBNLrzx/DiRBwjJx9Mr7p6kSJCwUQbMUPpSYIGGh4Jul8tneBAkLhd0sz4dG\nr3FUnhLgEBATcLeUUlQRJCwXbLf0YkSQICDMdmnGiCBBQIDt0jo0eg2o8pQAh4Cc4NqlnaKK\nIEFCWP1aIUYECRJC6tcqMSJIkBBOv1aKEUGCiDAapn6GoT22ylMCHAKSQmjYiimqCBJErN+w\ndWNEkCBj7dV49TWGIEHCmh1b89DotRAqTwlwCMharWUhpKgiSBCyUssCiRFBgpBVWhZMjAgS\npKj3LIhDoyeCBBnad1sHto4QJMjQffVPcGsIQYIQvaaFFyOCBDFaTQsxRgQJclTe9SrMGBEk\nyFF4F8ZwVwyCBCm+uxZwjAgSBHltW9AxIkgQ5K9twR4aPREkiPHVtuBTVBEkSPLStxhiRJAg\nyUPf4ogRQYIo4caFf2j0RJAgSLRx8aSoUg2Se+djCKxMsHFRxUg1SAeCZJ9U5yKLke6u3SXb\n+h4CKxPpXESHRk+qx0gXV/geAusS6FyEKaq0TzYc3MX3EFjX0tbFGSPO2kHYstbFGiOCBGkL\nehdvjAgSpC24OiK6HMoIEmTN613cKarWCxLXkcyas0rF33CCBGGTm2cgRuzaQdy05kV+aPRE\nkCBtQveMpKgKKUijb8RD4EZ3z1KfVYN03udNTPLi7GsIBGBc+yzFSDVI5aa1yRm+fdVUidMz\non3m9joUg1S47Hi/1e56yoZvXzVW5NT8bJ+1FFWqQcpad6xeXOZjCIRhuH8GY6T8Ctm+v4gN\ngTAM9c9kjNgiQZfRGGkfI52uzSOOkczrvIZh7gxDi+bp723rrN2m9DIEQnDr77+bj9wYTlGl\nfR2paK4jZfme60iGNSm6ezXSdoxCurNBeQj40srRM0nWY0SQIO0tR/ck2Y/ROkH6XdcECm9W\nR5BSQJAgiyB5fMrHDyBIdn3kKJkkESSIIkg+n/LxAwiSXQTJ51M+fgBBsosg+XxKgEPAE042\neHxKgEPAE4Lk8SkBDgFPCJLHpwQ4BHzpukXIPoIEaZ03rVpHkCCu+2UUthEk+JDcmxMSJEAA\nQQIEECRAAEECBBAkQABBAgQQJEAAQQIEECRAAEECBBAkQABBAgQQJEAAQQIEBBokIDIz1nL5\n4EQxtj8mZ8WkVH9YRGP7Y3JWTEr1h0U0tj8mZ8WkVH9YRGP7Y3JWTEr1h0U0tj8mZ8WkVH9Y\nRGP7Y3JWTEr1h0U0tj8mZ8WkVH9YRGP7Y3JWTEr1h0U0tj8mZ8WkVH9YRGP7Y3JWTEr1h0U0\ntj8mZ8WkVH9YRGP7Y3JWTEr1hwGpIkiAAIIECCBIgACCBAggSIAAggQIIEiAAIIECCBIgACC\nBAggSIAAggQIIEiAAIIECCBIgACFIJWH3DmXH/yPpGfcu63X/zznDdn9KouNc9tJ7Yh5urVm\nypui7PgnqQX2P+9T9mhCdvU+lpqI16zy0Y+sa7XqEfF0a8e/xT99/1s0QTo5tzvf/n/OXeZ7\nLD3jyx/cmrVz29tvtOvWFeOfE/F0q2YVLOopF11JiiZI2XPhd87O3l3Ea5ZzzaaonLJgEU+3\nmeljFTx1bIZjCdLR5X8Pr0W9ZaoOG5c1iXLuettK7au/yTR/nra3/feOLXBg2uU/3Q4Bs+Lx\n1X0zo9vvvqL629cp3ab5vr//r6y96K/C3/4rHrN4a1G5qRsY8XSr2zI+t71F/bv8b1JVkd3+\n5T61rxlP5jtIuTt/fqG2rYd2zd76vt3Pw31fNvhNV2vN2t8X+b4mNX+pfxk0X3isoY8aHOup\nrq9wu+fBajtI+7++vLUof07kIbbp1tO5/D08338r3CfVLHbeTO17xpP5DtLnlvPktmVVbuuN\nrasfHurfW69+ZvWkj6H8LuvXOvh27tgczlbPGd3/zJ5r1snt6ufsXBhnW7b1Caz7r7d2kLJL\ndcnquXy2qIp7ul+b4Mekjo8Zu84ZTx9FZmH7f757/O/RiLzZQy/vvxnOVftUz/1R+Lt1ta+z\nWI816z6ja/WaV/3fppl0ML8eTrv6pF1d6M/Cn+q+fLUo8ul+B6mZ1H3DeepcKeeMsnxBh3/+\nR5BaJ1LfdtAfj2572/nlMvDzAvG2ob2e9tvHmlVVn/O677Du692KQHZ1aud9Vq8xny2oOlsU\n+XS/g9T+cs+Mp4+ycCl/aR8jjQhStc+iuOLUrve2tdtTVV1rVlnv+OxD2dW5u7zvU48PUnTT\n3b6OkS6tMyeRBel432G+j/W+oJ1Bum1si00wewW9WtPYuc3hdB1cs24b2lO1CWNSzyXv+l3W\n3aKYp1t9nLXbdwfp+c3BBql1Ham8744+D4I+unh+zWH2bNR8lv7HmnVx20sguzr545Ro+Xd6\n4F549zhi2HW0KObpVt/XkR6TuU/z3LlSzuB9lb0dzeXNnQ23w5/sca7kthedtzuwuTW33N4f\nHSM5a9d6eK4uwwcN9byyQHZ1bmvO4bY2nbd1oF6F/ztrd+poUczTrbXubLitXc89n9dZu44Z\nT+b/d//57167+07efRe7Pgp6deDwPKP/uCtq5pkTPa16F+65zP1r1q2Xofxy+Fve+qrJq/C3\nvzeP6+/4bFHU062d/tbAOkfPyTQXj3bN375nPJnGTtQxv2Vpu3/8ijps3P2SYKsP++yWsuZR\nc2dD8JaQkyoAAAGASURBVDl6q/euXuLT+zb2c80qXTi7Opdd3Y5mnXoV3tUXUjePC+EfLYp7\nurVyX9/9vb9fIXpOZv92Z8P7jCcL/mjEhpMLaFeni+xhafDTlUeQVGxDv+tJNkjBT1ceQVLw\nOCIJmWSQIpiuPIKkIJt1P7EqySBFMF15BAkQQJAAAQQJEECQAAEECRBAkAABBAkQQJAAAQQJ\nEECQAAEECRBAkAABBAkQQJAAAQQJEECQAAEECRBAkAABBAkQQJAAAQQJEECQAAEECRBAkAAB\nBAkQQJAAAQQJEECQAAEECRBAkAABBAkQQJAAAQQJEECQAAEECRBAkAABBAkQQJAAAQQJEECQ\nAAEECRBAkAABBAkQQJAAAQQJEECQAAEECRBAkAABBAkQQJAAAQQJEECQAAEECRBAkAABBAkQ\nQJAAAQQJEECQAAEECRBAkAABBAkQQJAAAQQJEECQAAEECRBAkAABBAkQQJAAAQQJEECQAAEE\nCRBAkAABBAkQQJAAAQQJEPA/hcoAjtlfFlsAAAAASUVORK5CYII=",
      "text/plain": [
       "plot without title"
      ]
     },
     "metadata": {},
     "output_type": "display_data"
    },
    {
     "data": {
